后面再试试不用avgpool hook，投影到max clean acc的结果

exp: start_epoch_40_0.01_ce_proj_on_overall
BER        | All Bits Acc    | Skip MSB Acc    | Only MSB Acc   
-----------------------------------------------------------------
0.0001     | 93.04           | 93.06           | 92.93          
0.001      | 92.89           | 93.05           | 92.81          
0.01       | 91.41           | 92.67           | 91.78          
0.02       | 89.01           | 91.68           | 89.13          
0.03       | 82.66           | 85.35           | 83.34          
0.04       | 73.75           | 79.80           | 73.59          
0.05       | 58.16           | 76.15           | 46.23          
0.06       | 35.88           | 71.80           | 23.71          
0.07       | 21.47           | 66.56           | 16.46          
0.08       | 16.96           | 60.84           | 13.26          
0.09       | 15.56           | 56.53           | 11.64          
0.1        | 10.39           | 48.92           | 13.95

exp: start_epoch_0_0.01_ce_proj_on_overall
BER        | All Bits Acc    | Skip MSB Acc    | Only MSB Acc   
-----------------------------------------------------------------
0.0001     | 93.29           | 93.36           | 93.26          
0.001      | 93.20           | 93.22           | 93.11          
0.01       | 91.61           | 92.90           | 91.93          
0.02       | 90.01           | 92.49           | 90.02          
0.03       | 85.81           | 91.34           | 85.41          
0.04       | 77.25           | 88.71           | 77.18          
0.05       | 72.24           | 78.72           | 66.74          
0.06       | 51.27           | 66.05           | 45.68          
0.07       | 37.97           | 47.09           | 30.31          
0.08       | 29.61           | 29.53           | 22.45          
0.09       | 21.34           | 21.10           | 17.86          
0.1        | 14.88           | 17.99           | 16.74

exp: start_epoch_0_0.02_ce_proj_on_overall
BER        | All Bits Acc    | Skip MSB Acc    | Only MSB Acc   
-----------------------------------------------------------------
0.0001     | 93.19           | 93.25           | 93.20          
0.001      | 93.03           | 93.16           | 93.08          
0.01       | 90.43           | 92.30           | 91.51          
0.02       | 86.44           | 91.16           | 89.64          
0.03       | 81.02           | 87.73           | 84.74          
0.04       | 72.82           | 78.61           | 78.16          
0.05       | 65.15           | 72.40           | 66.92          
0.06       | 48.43           | 60.50           | 48.59          
0.07       | 32.63           | 38.34           | 27.77          
0.08       | 27.31           | 20.47           | 21.47          
0.09       | 15.88           | 15.65           | 15.74          
0.1        | 15.36           | 13.05           | 12.72

exp: start_epoch_0_0.01_avgpool_cossim_loss_proj_on_max_clean
BER        | All Bits Acc    | Skip MSB Acc    | Only MSB Acc   
-----------------------------------------------------------------
0.0001     | 92.61           | 92.53           | 92.53          
0.001      | 92.51           | 92.58           | 92.56          
0.01       | 91.89           | 92.14           | 91.62          
0.02       | 89.09           | 91.83           | 88.90          
0.03       | 83.89           | 91.49           | 83.61          
0.04       | 70.30           | 89.86           | 72.74          
0.05       | 58.47           | 86.15           | 51.72          
0.06       | 40.31           | 82.86           | 34.69          
0.07       | 27.06           | 77.87           | 24.40          
0.08       | 21.15           | 68.72           | 19.69          
0.09       | 15.79           | 58.20           | 15.11          
0.1        | 14.18           | 45.72           | 13.47

exp: start_epoch_0_0.01_avgpool_cossim_loss_proj_on_overall
BER        | All Bits Acc    | Skip MSB Acc    | Only MSB Acc   
-----------------------------------------------------------------
0.0001     | 92.77           | 92.79           | 92.73          
0.001      | 92.76           | 92.74           | 92.75          
0.01       | 91.49           | 92.54           | 91.98          
0.02       | 88.79           | 92.21           | 89.56          
0.03       | 85.04           | 91.40           | 87.16          
0.04       | 79.78           | 89.06           | 82.21          
0.05       | 70.80           | 81.85           | 71.78          
0.06       | 53.36           | 70.91           | 55.98          
0.07       | 34.72           | 53.26           | 36.11          
0.08       | 18.85           | 30.55           | 23.20          
0.09       | 15.18           | 19.05           | 18.38          
0.1        | 12.74           | 10.50           | 13.96

exp: resnet18_baseline
BER        | All Bits Acc    | Skip MSB Acc    | Only MSB Acc   
-----------------------------------------------------------------
0.0001     | 93.52           | 93.55           | 93.60          
0.001      | 93.24           | 93.45           | 93.33          
0.01       | 91.72           | 92.76           | 92.35          
0.02       | 87.83           | 90.11           | 89.21          
0.03       | 82.36           | 83.39           | 83.65          
0.04       | 67.72           | 80.00           | 74.02          
0.05       | 54.01           | 77.19           | 61.79          
0.06       | 31.75           | 72.90           | 40.42          
0.07       | 21.34           | 70.20           | 25.34          
0.08       | 18.91           | 68.87           | 15.95          
0.09       | 17.77           | 63.37           | 11.04          
0.1        | 17.44           | 54.92           | 10.23

exp: start_epoch_0_0.005_ce_proj_on_overall
BER        | All Bits Acc    | Skip MSB Acc    | Only MSB Acc   
-----------------------------------------------------------------
0.0001     | 93.10           | 93.09           | 93.14          
0.001      | 92.96           | 93.15           | 92.99          
0.01       | 91.57           | 92.67           | 91.80          
0.02       | 88.81           | 92.18           | 88.35          
0.03       | 81.96           | 91.12           | 80.31          
0.04       | 67.45           | 89.28           | 68.31          
0.05       | 51.22           | 85.85           | 45.30          
0.06       | 40.12           | 80.10           | 30.30          
0.07       | 31.57           | 72.76           | 21.79          
0.08       | 20.95           | 65.00           | 16.09          
0.09       | 18.20           | 41.81           | 11.25          
0.1        | 15.08           | 28.25           | 10.14

exp: start_epoch_0_0.01_ce_proj_on_max_clean
ResNet18 W6A6 BER Sweep - Baseline Checkpoint
BER        | All Bits Acc    | Skip MSB Acc    | Only MSB Acc   
-----------------------------------------------------------------
0.0001     | 92.52           | 92.59           | 92.48          
0.001      | 92.62           | 92.56           | 92.60          
0.01       | 91.28           | 92.24           | 91.53          
0.02       | 87.11           | 91.52           | 87.95          
0.03       | 79.36           | 90.06           | 80.64          
0.04       | 68.18           | 86.68           | 72.52          
0.05       | 56.52           | 76.75           | 60.94          
0.06       | 37.74           | 60.58           | 42.76          
0.07       | 24.04           | 40.06           | 29.42          
0.08       | 17.30           | 22.25           | 24.30          
0.09       | 14.25           | 17.27           | 22.97          
0.1        | 14.59           | 13.44           | 18.15

exp: resnet18_cifar10_BFAT_ce_0.01_combined_start_0_limit_norm_0.5_bn_eval
BER        | All Bits Acc    | Skip MSB Acc    | Only MSB Acc   
-----------------------------------------------------------------
0.0001     | 92.32           | 92.23           | 92.29          
0.001      | 92.17           | 92.42           | 92.15          
0.01       | 91.01           | 92.00           | 90.73          
0.02       | 88.16           | 91.56           | 87.98          
0.03       | 82.67           | 90.87           | 81.49          
0.04       | 72.63           | 89.42           | 69.48          
0.05       | 64.69           | 86.19           | 55.81          
0.06       | 45.27           | 81.53           | 42.27          
0.07       | 26.48           | 72.14           | 20.78          
0.08       | 20.01           | 58.13           | 17.91          
0.09       | 15.65           | 47.06           | 11.50          
0.1        | 15.33           | 37.21           | 12.03

exp: ce_0.01_on_overall_bn_eval_when_bfat
BER        | All Bits Acc    | Skip MSB Acc    | Only MSB Acc   
-----------------------------------------------------------------
0.0001     | 93.58           | 93.55           | 93.65          
0.001      | 93.59           | 93.49           | 93.59          
0.01       | 91.02           | 92.61           | 91.68          
0.02       | 88.24           | 91.93           | 89.56          
0.03       | 82.51           | 88.81           | 85.03          
0.04       | 67.02           | 79.36           | 71.72          
0.05       | 60.44           | 69.31           | 60.37          
0.06       | 47.77           | 50.25           | 46.92          
0.07       | 26.70           | 26.66           | 28.97          
0.08       | 17.08           | 19.56           | 20.60          
0.09       | 11.13           | 21.07           | 17.58          
0.1        | 11.21           | 13.90           | 14.81

exp: ce_dual_0.001_0.01_on_overall_bn_train_when_bfat
BER        | All Bits Acc    | Skip MSB Acc    | Only MSB Acc   
-----------------------------------------------------------------
0.0001     | 93.57           | 93.58           | 93.65          
0.001      | 93.46           | 93.52           | 93.41          
0.01       | 91.81           | 93.01           | 91.81          
0.02       | 86.39           | 91.64           | 87.48          
0.03       | 76.56           | 89.17           | 78.18          
0.04       | 61.13           | 84.00           | 63.37          
0.05       | 48.92           | 70.11           | 52.61          
0.06       | 42.88           | 58.73           | 45.36          
0.07       | 33.57           | 35.63           | 34.92          
0.08       | 29.62           | 23.97           | 28.80          
0.09       | 25.09           | 20.37           | 20.40          
0.1        | 21.37           | 16.31           | 15.39

exp: ce_dual_0.005_0.01_on_overall_bn_train_when_bfat        
BER        | All Bits Acc    | Skip MSB Acc    | Only MSB Acc   
-----------------------------------------------------------------
0.0001     | 92.66           | 92.72           | 92.68          
0.001      | 92.60           | 92.69           | 92.62          
0.01       | 91.04           | 92.50           | 91.07          
0.02       | 89.28           | 91.88           | 89.49          
0.03       | 84.40           | 90.37           | 84.35          
0.04       | 77.80           | 88.83           | 76.20          
0.05       | 69.88           | 83.96           | 63.33          
0.06       | 58.81           | 74.93           | 52.42          
0.07       | 40.80           | 68.81           | 31.84          
0.08       | 26.76           | 61.27           | 20.32          
0.09       | 16.75           | 51.75           | 13.07          
0.1        | 15.39           | 35.07           | 11.65

exp: ce_0.01_on_overall_bn_train_limit_norm_1.0
BER        | All Bits Acc    | Skip MSB Acc    | Only MSB Acc   
-----------------------------------------------------------------
0.0001     | 92.60           | 92.66           | 92.54          
0.001      | 92.65           | 92.69           | 92.57          
0.01       | 91.26           | 92.29           | 91.11          
0.02       | 88.12           | 91.70           | 88.36          
0.03       | 82.85           | 90.51           | 83.03          
0.04       | 76.49           | 87.82           | 76.91          
0.05       | 69.47           | 80.25           | 64.49          
0.06       | 54.86           | 68.57           | 47.55          
0.07       | 28.54           | 56.67           | 25.69          
0.08       | 23.26           | 42.87           | 22.54          
0.09       | 14.57           | 25.53           | 17.75          
0.1        | 10.68           | 18.73           | 13.25

# 试一下强行正交的方案
exp: ce_0.01_on_overall_bn_train_limit_norm_false_orthogonal_force
BER        | All Bits Acc    | Skip MSB Acc    | Only MSB Acc   
-----------------------------------------------------------------
0.0001     | 92.95           | 92.94           | 92.97          
0.001      | 92.87           | 93.03           | 92.77          
0.01       | 91.24           | 92.35           | 91.58          
0.02       | 88.19           | 91.86           | 88.38          
0.03       | 82.69           | 90.67           | 82.55          
0.04       | 75.08           | 89.22           | 72.04          
0.05       | 57.61           | 86.46           | 51.93          
0.06       | 43.19           | 77.37           | 35.33          
0.07       | 22.28           | 66.61           | 20.96          
0.08       | 15.93           | 54.71           | 15.23          
0.09       | 14.05           | 44.03           | 12.38          
0.1        | 11.55           | 28.42           | 10.34

# 试一下cagrad方案(效果很差)
exp: ce_0.01_on_overall_cagrad_bn_train_limit_norm_false_
BER        | All Bits Acc    | Skip MSB Acc    | Only MSB Acc   
-----------------------------------------------------------------
0.0001     | 93.31           | 93.38           | 93.28          
0.001      | 93.15           | 93.41           | 93.09          
0.01       | 90.35           | 92.84           | 91.22          
0.02       | 88.30           | 91.96           | 89.71          
0.03       | 81.87           | 89.21           | 84.68          
0.04       | 68.42           | 85.42           | 73.84          
0.05       | 51.24           | 77.28           | 61.16          
0.06       | 30.16           | 58.79           | 41.59          
0.07       | 21.95           | 41.80           | 33.00          
0.08       | 16.08           | 22.68           | 27.52          
0.09       | 13.72           | 18.70           | 18.82          
0.1        | 11.97           | 15.12           | 14.92


# 试一下bfat不在max_bit_cands结构上做(迄今为止最容错的结果 但0.06之前acc还是不如0.01_bfat_on_overall)
exp: ce_0.01_on_overall_bn_train_limit_norm_false_restore_max_bits_false
BER        | All Bits Acc    | Skip MSB Acc    | Only MSB Acc   
-----------------------------------------------------------------
0.0001     | 93.22           | 93.25           | 93.29          
0.001      | 93.17           | 93.19           | 93.10          
0.01       | 91.32           | 92.70           | 92.02          
0.02       | 89.50           | 92.22           | 90.31          
0.03       | 84.86           | 90.78           | 85.59          
0.04       | 77.98           | 86.82           | 79.62          
0.05       | 68.01           | 76.05           | 68.58          
0.06       | 54.83           | 64.98           | 50.46          
0.07       | 42.62           | 54.60           | 30.16          
0.08       | 33.81           | 46.41           | 20.75          
0.09       | 30.60           | 33.81           | 16.29          
0.1        | 20.18           | 22.45           | 11.08




